17
LngfishAu  0.0000000 0.4603134 0.4450528 0.4974172 0.6827962 0.8547341 0.8157874 0.8342629 0.8303515 0.7349809 0.6680305 0.7387014 0.7168272 0.7522254 0.7752549 0.7742103 0.7210177 
LngfishSA  0.4603134 0.0000000 0.3512468 0.6352589 0.7785178 0.8603816 0.8454240 0.8115837 0.7388823 0.8051882 0.7405884 0.8087524 0.7812942 0.7612380 0.8554275 0.7871097 0.6516691 
LngfishAf  0.4450528 0.3512468 0.0000000 0.6236842 0.7419033 0.9102501 0.9705413 0.9185468 0.8345591 0.8803520 0.7944465 0.8342024 0.7992614 0.8168217 0.9095782 0.8283422 0.7238826 
Frog       0.4974172 0.6352589 0.6236842 0.0000000 0.6610372 0.8657373 0.8162631 0.8637644 0.8004679 0.7570601 0.6991258 0.7132451 0.7189310 0.7409191 0.7548430 0.7363793 0.6803411 
Turtle     0.6827962 0.7785178 0.7419033 0.6610372 0.0000000 0.5700034 0.6154797 0.5679422 0.5087160 0.6175590 0.5665386 0.5745635 0.5909808 0.5931998 0.6419969 0.6267042 0.6088308 
Sphenodon  0.8547341 0.8603816 0.9102501 0.8657373 0.5700034 0.0000000 0.7097033 0.6598310 0.6214080 0.7338630 0.7172838 0.6935067 0.7153844 0.7218969 0.7914938 0.7664071 0.6881189 
Lizard     0.8157874 0.8454240 0.9705413 0.8162631 0.6154797 0.7097033 0.0000000 0.7582935 0.6837041 0.7803232 0.7438925 0.7936111 0.8122860 0.7240039 0.8398785 0.7909122 0.7087989 
Crocodile  0.8342629 0.8115837 0.9185468 0.8637644 0.5679422 0.6598310 0.7582935 0.0000000 0.5147630 0.7879654 0.7943398 0.7935896 0.8562408 0.8860492 0.8950942 0.7975882 0.8259676 
Bird       0.8303515 0.7388823 0.8345591 0.8004679 0.5087160 0.6214080 0.6837041 0.5147630 0.0000000 0.7132447 0.7063722 0.7247225 0.7293608 0.8013944 0.7941772 0.7231097 0.7081763 
Human      0.7349809 0.8051882 0.8803520 0.7570601 0.6175590 0.7338630 0.7803232 0.7879654 0.7132447 0.0000000 0.2848240 0.2921152 0.3072602 0.3741876 0.3924776 0.4683057 0.4412743 
Seal       0.6680305 0.7405884 0.7944465 0.6991258 0.5665386 0.7172838 0.7438925 0.7943398 0.7063722 0.2848240 0.0000000 0.1987199 0.2181978 0.2929960 0.3318088 0.3958023 0.3651049 
Cow        0.7387014 0.8087524 0.8342024 0.7132451 0.5745635 0.6935067 0.7936111 0.7935896 0.7247225 0.2921152 0.1987199 0.0000000 0.1797620 0.3334598 0.3467048 0.4200289 0.3602108 
Whale      0.7168272 0.7812942 0.7992614 0.7189310 0.5909808 0.7153844 0.8122860 0.8562408 0.7293608 0.3072602 0.2181978 0.1797620 0.0000000 0.3388312 0.3714508 0.4105140 0.3757509 
Mouse      0.7522254 0.7612380 0.8168217 0.7409191 0.5931998 0.7218969 0.7240039 0.8860492 0.8013944 0.3741876 0.2929960 0.3334598 0.3388312 0.0000000 0.1479345 0.4286372 0.3641766 
Rat        0.7752549 0.8554275 0.9095782 0.7548430 0.6419969 0.7914938 0.8398785 0.8950942 0.7941772 0.3924776 0.3318088 0.3467048 0.3714508 0.1479345 0.0000000 0.4630723 0.4239584 
Platypus   0.7742103 0.7871097 0.8283422 0.7363793 0.6267042 0.7664071 0.7909122 0.7975882 0.7231097 0.4683057 0.3958023 0.4200289 0.4105140 0.4286372 0.4630723 0.0000000 0.3329111 
Opossum    0.7210177 0.6516691 0.7238826 0.6803411 0.6088308 0.6881189 0.7087989 0.8259676 0.7081763 0.4412743 0.3651049 0.3602108 0.3757509 0.3641766 0.4239584 0.3329111 0.0000000 
