27
MK201733.1 0.0000000 0.0000010 0.0027273 0.0027394 0.0041124 0.0068678 0.0068672 0.0096231 0.0165816 0.0165753 0.0162378 0.0138441 0.0151823 0.0165818 0.0222586 0.0041124 0.0209223 0.0255338 0.0203094 0.0187348 0.0187348 0.0203157 0.0171583 0.0235798 0.0235798 0.0046323 0.0030701 
MK201730.1 0.0000010 0.0000000 0.0027309 0.0027430 0.0041178 0.0068769 0.0068763 0.0096359 0.0166037 0.0165974 0.0162610 0.0138626 0.0152025 0.0165818 0.0222884 0.0041178 0.0209504 0.0255687 0.0203400 0.0187630 0.0187630 0.0203463 0.0171841 0.0236155 0.0236155 0.0046392 0.0030746 
MK201708.1 0.0027273 0.0027309 0.0000000 0.0027394 0.0041124 0.0068678 0.0068672 0.0096231 0.0165816 0.0165753 0.0162378 0.0138441 0.0151823 0.0165818 0.0222586 0.0041124 0.0209223 0.0255338 0.0203094 0.0187348 0.0187348 0.0188099 0.0171583 0.0235798 0.0235798 0.0046323 0.0000010 
MK201740.1 0.0027394 0.0027430 0.0027394 0.0000000 0.0013622 0.0040948 0.0040944 0.0068309 0.0137322 0.0137270 0.0131974 0.0110060 0.0123446 0.0137324 0.0193556 0.0013622 0.0180208 0.0225560 0.0170648 0.0155039 0.0155039 0.0170701 0.0139405 0.0202943 0.0202943 0.0015332 0.0030854 
MK201719.1 0.0041124 0.0041178 0.0041124 0.0013622 0.0000000 0.0054642 0.0054637 0.0082037 0.0151179 0.0151122 0.0146767 0.0123920 0.0137276 0.0151181 0.0207559 0.0000010 0.0194222 0.0239853 0.0186339 0.0170701 0.0170701 0.0186396 0.0155039 0.0218755 0.0218755 0.0000010 0.0046323 
MK201739.1 0.0068678 0.0068769 0.0068678 0.0040948 0.0054642 0.0000000 0.0027294 0.0082084 0.0151267 0.0151210 0.0146858 0.0123992 0.0137355 0.0123581 0.0207680 0.0054642 0.0207469 0.0239997 0.0186461 0.0170813 0.0170813 0.0186519 0.0155140 0.0218901 0.0218901 0.0061523 0.0077378 
MK201731.1 0.0068672 0.0068763 0.0068672 0.0040944 0.0054637 0.0027294 0.0000000 0.0082077 0.0151253 0.0151196 0.0146843 0.0123980 0.0137342 0.0123569 0.0207661 0.0054637 0.0207449 0.0239974 0.0186441 0.0170795 0.0170795 0.0186499 0.0155124 0.0218877 0.0218877 0.0061517 0.0077370 
MK201744.1 0.0096231 0.0096359 0.0096231 0.0068309 0.0082037 0.0082084 0.0082077 0.0000000 0.0123511 0.0123465 0.0117231 0.0096241 0.0109660 0.0123513 0.0179623 0.0082037 0.0179440 0.0211331 0.0154990 0.0139404 0.0139404 0.0155037 0.0123799 0.0187149 0.0187149 0.0061472 0.0077313 
MK201705.1 0.0165816 0.0166037 0.0165816 0.0137322 0.0151179 0.0151267 0.0151253 0.0123511 0.0000000 0.0000010 0.0029210 0.0041189 0.0041028 0.0054768 0.0165922 0.0151179 0.0165753 0.0197382 0.0077308 0.0061809 0.0061809 0.0077331 0.0046314 0.0171733 0.0171733 0.0139144 0.0155549 
MK201696.1 0.0165753 0.0165974 0.0165753 0.0137270 0.0151122 0.0151210 0.0151196 0.0123465 0.0000010 0.0000000 0.0029198 0.0041174 0.0040964 0.0054747 0.0165661 0.0151122 0.0165690 0.0197305 0.0077275 0.0061783 0.0061783 0.0077298 0.0046295 0.0171660 0.0171660 0.0139085 0.0155482 
MZ391821.1 0.0162378 0.0162610 0.0162378 0.0131974 0.0146767 0.0146858 0.0146843 0.0117231 0.0029210 0.0029198 0.0000000 0.0029322 0.0029200 0.0043854 0.0162489 0.0146767 0.0162312 0.0162281 0.0077176 0.0061703 0.0061703 0.0046244 0.0046235 0.0171436 0.0171436 0.0138905 0.0155280 
MK201697.1 0.0138441 0.0138626 0.0138441 0.0110060 0.0123920 0.0123992 0.0123980 0.0096241 0.0041189 0.0041174 0.0029322 0.0000000 0.0000010 0.0041190 0.0152523 0.0123920 0.0152367 0.0183812 0.0077618 0.0062059 0.0062059 0.0077641 0.0046502 0.0172431 0.0172431 0.0124056 0.0140421 
MK201695.1 0.0151823 0.0152025 0.0151823 0.0123446 0.0137276 0.0137355 0.0137342 0.0109660 0.0041028 0.0040964 0.0029200 0.0000010 0.0000000 0.0041028 0.0151738 0.0137276 0.0151764 0.0183072 0.0077279 0.0061786 0.0061786 0.0077302 0.0046297 0.0171667 0.0171667 0.0139091 0.0155489 
MK201724.1 0.0165818 0.0165818 0.0165818 0.0137324 0.0151181 0.0123581 0.0123569 0.0123513 0.0054768 0.0054747 0.0043854 0.0041190 0.0041028 0.0000000 0.0165924 0.0151181 0.0165755 0.0197384 0.0092853 0.0077333 0.0077333 0.0092881 0.0061810 0.0187514 0.0187514 0.0154750 0.0171261 
MK201723.1 0.0222586 0.0222884 0.0222586 0.0193556 0.0207559 0.0207680 0.0207661 0.0179623 0.0165922 0.0165661 0.0162489 0.0152523 0.0151738 0.0165924 0.0000000 0.0207559 0.0054591 0.0027778 0.0219076 0.0203303 0.0203303 0.0219144 0.0187482 0.0000010 0.0000010 0.0218307 0.0235312 
EU498115.1 0.0041124 0.0041178 0.0041124 0.0013622 0.0000010 0.0054642 0.0054637 0.0082037 0.0151179 0.0151122 0.0146767 0.0123920 0.0137276 0.0151181 0.0207559 0.0000000 0.0179176 0.0200098 0.0144611 0.0135527 0.0144647 0.0144618 0.0144965 0.0181530 0.0181530 0.0000010 0.0058127 
EU498116.1 0.0209223 0.0209504 0.0209223 0.0180208 0.0194222 0.0207469 0.0207449 0.0179440 0.0165753 0.0165690 0.0162312 0.0152367 0.0151764 0.0165755 0.0054591 0.0179176 0.0000000 0.0071305 0.0200006 0.0190844 0.0200057 0.0200016 0.0200486 0.0053885 0.0053885 0.0205874 0.0236817 
AY381136.1 0.0255338 0.0255687 0.0255338 0.0225560 0.0239853 0.0239997 0.0239974 0.0211331 0.0197382 0.0197305 0.0162281 0.0183812 0.0183072 0.0197384 0.0027778 0.0200098 0.0071305 0.0000000 0.0181789 0.0172639 0.0181834 0.0181798 0.0182229 0.0000022 0.0000022 0.0219696 0.0250606 
MW828180.1 0.0203094 0.0203400 0.0203094 0.0170648 0.0186339 0.0186461 0.0186441 0.0154990 0.0077308 0.0077275 0.0077176 0.0077618 0.0077279 0.0092853 0.0219076 0.0144611 0.0200006 0.0181789 0.0000000 0.0008972 0.0017953 0.0090158 0.0081493 0.0181611 0.0181611 0.0189970 0.0220633 
MW828173.1 0.0187348 0.0187630 0.0187348 0.0155039 0.0170701 0.0170813 0.0170795 0.0139404 0.0061809 0.0061783 0.0061703 0.0062059 0.0061786 0.0077333 0.0203303 0.0135527 0.0190844 0.0172639 0.0008972 0.0000000 0.0008974 0.0081115 0.0072413 0.0172468 0.0172468 0.0175254 0.0205803 
MW828184.1 0.0187348 0.0187630 0.0187348 0.0155039 0.0170701 0.0170813 0.0170795 0.0139404 0.0061809 0.0061783 0.0061703 0.0062059 0.0061786 0.0077333 0.0203303 0.0144647 0.0200057 0.0181834 0.0017953 0.0008974 0.0000000 0.0090181 0.0081513 0.0181657 0.0181657 0.0175254 0.0205803 
MW828166.1 0.0203157 0.0203463 0.0188099 0.0170701 0.0186396 0.0186519 0.0186499 0.0155037 0.0077331 0.0077298 0.0046244 0.0077641 0.0077302 0.0092881 0.0219144 0.0144618 0.0200016 0.0181798 0.0090158 0.0081115 0.0090181 0.0000000 0.0090381 0.0181620 0.0181620 0.0175216 0.0191615 
MW828172.1 0.0171583 0.0171841 0.0171583 0.0139405 0.0155039 0.0155140 0.0155124 0.0123799 0.0046314 0.0046295 0.0046235 0.0046502 0.0046297 0.0061810 0.0187482 0.0144965 0.0200486 0.0182229 0.0081493 0.0072413 0.0081513 0.0090381 0.0000000 0.0182054 0.0182054 0.0160467 0.0190889 
MW828176.1 0.0235798 0.0236155 0.0235798 0.0202943 0.0218755 0.0218901 0.0218877 0.0187149 0.0171733 0.0171660 0.0171436 0.0172431 0.0171667 0.0187514 0.0000010 0.0181530 0.0053885 0.0000022 0.0181611 0.0172468 0.0181657 0.0181620 0.0182054 0.0000000 0.0000010 0.0220399 0.0251413 
MW828177.1 0.0235798 0.0236155 0.0235798 0.0202943 0.0218755 0.0218901 0.0218877 0.0187149 0.0171733 0.0171660 0.0171436 0.0172431 0.0171667 0.0187514 0.0000010 0.0181530 0.0053885 0.0000022 0.0181611 0.0172468 0.0181657 0.0181620 0.0182054 0.0000010 0.0000000 0.0220399 0.0251413 
KX239602.1 0.0046323 0.0046392 0.0046323 0.0015332 0.0000010 0.0061523 0.0061517 0.0061472 0.0139144 0.0139085 0.0138905 0.0124056 0.0139091 0.0154750 0.0218307 0.0000010 0.0205874 0.0219696 0.0189970 0.0175254 0.0175254 0.0175216 0.0160467 0.0220399 0.0220399 0.0000000 0.0058127 
KX239603.1 0.0030701 0.0030746 0.0000010 0.0030854 0.0046323 0.0077378 0.0077370 0.0077313 0.0155549 0.0155482 0.0155280 0.0140421 0.0155489 0.0171261 0.0235312 0.0058127 0.0236817 0.0250606 0.0220633 0.0205803 0.0205803 0.0191615 0.0190889 0.0251413 0.0251413 0.0058127 0.0000000 
